version https://git-lfs.github.com/spec/v1
oid sha256:3cf70e44a3ad4b3b329eda79a1a321a0acf5f7880e2cb93c1378d8282bb2e958
size 266872
